14294
14955
14971
14972
14973
14975
14976
14977
14981
14983
15003
15005
15009
15011
15012
15014
15015
15016
15017
15018
15019
15021
15022
15023
15024
15025
15026
15036
15037
15040
15046
15047
15049
15050
15060
15062
15066
15079
15091
15092
15093
15094
15095
15096
15112
15113
15114
15115
15116
15172
15174
15175
15176
15185
15187
15191
15192
15193
15246
15247
15248
15250
15251
15266
15267
15269
15270
15287
15288
15347
15349
15372
15377
15391
15392
15393
15422
15431
15436
15437
15474
15591
15617
15618
15642
15643
15644
15645
15652
15653
15654
15674
15675
15676
15677
15678
15679
15687
15688
15689
15690
15694
15695
15787
15788
15789
15790
15808
15809
15810
15811
15814
15816
15817
15821
15822
15823
15849
15960
15969
15989
15992
15999
16000
16001
16129
16131
16298
17241
17318
17793
17919
17925
17933
17936
17941
17943
18110
18111
18221
18229
18230
18231
18234
18235
18429
18431
18434
18437
18583
18693
18696
18713
18863
18865
18866
18868
19903
19908
20635
20640
20642
20645
20647
20657
20660
20663
20669
20671
20689
20692
20710
20711
20712
20713
20715
20725
20727
20729
20730
20731
20747
20752
20759
20761
20807
20817
20824
20845
20847
20851
20853
20854
20855
20856
20857
20859
20867
20870
20941
20942
20943
21091
21155
21161
21163
21164
21174
21227
21235
21237
21240
21244
21444
21445
21446
21447
21448
21449
21450
21451
21470
21471
21472
21473
21474
21673
21674
21675
21676
21677
21678
21679
21680
21854
21858
21950
21952
21953
21954
21956
21993
21994
21995
21997
21998
22002
22003
22007
22013
25463
31568
31569
31570
32674
32675
32677
37475
37476
